data/geo/ceny_8_cerven_14.asc
NCOLS 600
NROWS 600
XLLCORNER 448997
YLLCORNER 5535900
DX 45.415
DY 31.4
NODATA_VALUE -9999
[rows 234 to 259 of 600, columns 0 to 59 of 600]
106.31344 106.38005 106.44953 106.5218 106.59678 106.67439 106.75452 106.83709 106.92198 107.00908 107.09827 107.18943 107.28244 107.37715 107.47345 107.57119 107.67024 107.77045 107.8717 107.97385 108.07675 108.18027 108.28428 108.38864 108.49322 108.59789 108.70252 108.80699 108.91118 109.01496 109.11822 109.22084 109.32273 109.42376 109.52383 109.62285 109.72071 109.81731 109.91257 110.00639 110.09869 110.18937 110.27836 110.36557 110.45091 110.53431 110.61569 110.69496 110.77205 110.84687 110.91934 110.98938 111.05689 111.12178 111.18397 111.24333 111.29977 111.35318 111.40342 111.45036
106.21739 106.28525 106.3561 106.42988 106.50649 106.58585 106.66786 106.75241 106.8394 106.92871 107.02021 107.11377 107.20926 107.30656 107.40551 107.50598 107.60783 107.71091 107.81508 107.92019 108.02612 108.1327 108.23981 108.3473 108.45504 108.56289 108.67072 108.77841 108.88583 108.99285 109.09935 109.20522 109.31034 109.41461 109.51791 109.62014 109.72119 109.82097 109.91938 110.01633 110.11171 110.20545 110.29744 110.38761 110.47587 110.56212 110.64629 110.72828 110.808 110.88537 110.9603 111.03269 111.10243 111.16944 111.2336 111.2948 111.35291 111.40781 111.45936 111.50741
106.11771 106.18684 106.2591 106.33442 106.4127 106.49386 106.5778 106.6644 106.75355 106.84513 106.93901 107.03505 107.13312 107.23307 107.33477 107.43806 107.5428 107.64884 107.75603 107.86422 107.97326 108.08301 108.19331 108.30404 108.41504 108.52618 108.63733 108.74834 108.85909 108.96945 109.0793 109.18852 109.29699 109.40459 109.51122 109.61676 109.72112 109.82417 109.92584 110.02601 110.12458 110.22147 110.31658 110.40981 110.50107 110.59028 110.67733 110.76213 110.84459 110.9246 111.00208 111.07691 111.14899 111.2182 111.28443 111.34755 111.40742 111.46391 111.51685 111.56608
106.01427 106.08469 106.15838 106.23527 106.31527 106.39828 106.4842 106.57291 106.66429 106.75822 106.85455 106.95315 107.05388 107.15658 107.26112 107.36733 107.47506 107.58415 107.69446 107.80582 107.91809 108.03111 108.14473 108.25879 108.37317 108.48771 108.60227 108.71671 108.83091 108.94472 109.05803 109.1707 109.28263 109.39368 109.50374 109.61271 109.72046 109.82691 109.93193 110.03543 110.1373 110.23744 110.33577 110.43217 110.52654 110.6188 110.70884 110.79655 110.88185 110.96461 111.04474 111.12212 111.19663 111.26815 111.33654 111.40168 111.46341 111.52157 111.576 111.62651
105.90691 105.97864 106.05379 106.1323 106.21406 106.29897 106.38692 106.47781 106.57149 106.66783 106.7667 106.86794 106.97142 107.07697 107.18443 107.29366 107.40448 107.51674 107.63027 107.74492 107.86052 107.97692 108.09396 108.21148 108.32934 108.44739 108.56548 108.68347 108.80122 108.9186 109.03548 109.15173 109.26722 109.38183 109.49544 109.60794 109.71921 109.82915 109.93764 110.04458 110.14986 110.25337 110.35502 110.45469 110.55229 110.64771 110.74085 110.83159 110.91983 111.00545 111.08834 111.16837 111.24542 111.31935 111.39002 111.45728 111.52097 111.58092 111.63694 111.68883
105.79546 105.86852 105.94517 106.02533 106.10889 106.19576 106.28581 106.37893 106.47498 106.57383 106.67531 106.77929 106.88561 106.9941 107.1046 107.21694 107.33096 107.44649 107.56336 107.68141 107.80046 107.92035 108.04093 108.16202 108.28349 108.40516 108.5269 108.64856 108.76998 108.89105 109.01161 109.13155 109.25072 109.369 109.48628 109.60243 109.71734 109.83089 109.94296 110.05345 110.16225 110.26925 110.37434 110.47741 110.57834 110.67704 110.77339 110.86727 110.95857 111.04716 111.13293 111.21573 111.29543 111.37189 111.44495 111.51445 111.58022 111.64206 111.69978 111.75316
105.67975 105.75418 105.83235 105.9142 105.99962 106.08849 106.18071 106.27614 106.37463 106.47606 106.58025 106.68705 106.79631 106.90784 107.02148 107.13705 107.25438 107.3733 107.49362 107.61518 107.7378 107.86131 107.98554 108.11033 108.23552 108.36095 108.48646 108.6119 108.73713 108.862 108.98637 109.11011 109.23309 109.35517 109.47623 109.59616 109.71482 109.83209 109.94787 110.06204 110.17449 110.28509 110.39373 110.50031 110.60471 110.70681 110.80649 110.90364 110.99812 111.0898 111.17856 111.26426 111.34674 111.42585 111.50142 111.57328 111.64125 111.70511 111.76466 111.81965
105.55961 105.63542 105.71516 105.79874 105.88606 105.97701 106.07145 106.16925 106.27028 106.37436 106.48136 106.59108 106.70338 106.81806 106.93494 107.05386 107.17462 107.29704 107.42094 107.54613 107.67244 107.7997 107.92771 108.05633 108.18537 108.31467 108.44408 108.57343 108.70258 108.83139 108.9597 109.08737 109.21428 109.34029 109.46526 109.58908 109.71162 109.83275 109.95237 110.07034 110.18655 110.30088 110.41321 110.52343 110.63141 110.73704 110.84018 110.94072 111.03851 111.13342 111.22531 111.31402 111.39941 111.4813 111.55952 111.63388 111.70418 111.77019 111.8317 111.88844
105.43486 105.51208 105.59341 105.67877 105.76804 105.86111 105.95785 106.05811 106.16175 106.26859 106.37847 106.49123 106.60666 106.7246 106.84486 106.96723 107.09154 107.21759 107.34519 107.47415 107.60429 107.73541 107.86735 107.99991 108.13293 108.26625 108.39968 108.53309 108.6663 108.79916 108.93154 109.06328 109.19425 109.32431 109.45333 109.58118 109.70772 109.83284 109.95642 110.07832 110.19843 110.31662 110.43277 110.54676 110.65846 110.76775 110.87449 110.97855 111.07979 111.17806 111.27321 111.36509 111.45352 111.53834 111.61934 111.69634 111.76911 111.83742 111.90103 111.95966
105.3053 105.38395 105.46691 105.55409 105.64537 105.74063 105.83974 105.94253 106.04886 106.15856 106.27144 106.38732 106.50602 106.62734 106.75107 106.87704 107.00502 107.13483 107.26626 107.39912 107.53322 107.66835 107.80434 107.94099 108.07814 108.2156 108.3532 108.49079 108.62819 108.76526 108.90184 109.03778 109.17295 109.3072 109.4404 109.5724 109.70309 109.83234 109.96001 110.08598 110.21012 110.33231 110.45242 110.57032 110.68588 110.79897 110.90944 111.01717 111.12199 111.22377 111.32233 111.41752 111.50915 111.59703 111.68098 111.76076 111.83616 111.90692 111.97279 112.03347
105.17073 105.25083 105.33546 105.4245 105.51785 105.61537 105.71692 105.82233 105.93145 106.0441 106.16008 106.2792 106.40128 106.52609 106.65344 106.78312 106.91492 107.04862 107.18403 107.32093 107.45912 107.5984 107.73859 107.87948 108.02088 108.16264 108.30455 108.44646 108.5882 108.72961 108.87054 109.01082 109.15033 109.28891 109.42642 109.56273 109.6977 109.83121 109.96312 110.0933 110.22162 110.34794 110.47215 110.59411 110.71367 110.8307 110.94507 111.05661 111.16517 111.27061 111.37273 111.47138 111.56636 111.65748 111.74451 111.82725 111.90543 111.97881 112.04711 112.11
105.03093 105.11252 105.19885 105.28981 105.38528 105.48512 105.58919 105.69731 105.80932 105.92501 106.04421 106.1667 106.29227 106.42071 106.55181 106.68534 106.82109 106.95883 107.09835 107.23944 107.38188 107.52546 107.66999 107.81526 107.96108 108.10727 108.25364 108.40003 108.54625 108.69215 108.83757 108.98234 109.12633 109.26938 109.41136 109.55212 109.69152 109.82943 109.96573 110.10026 110.2329 110.36352 110.49198 110.61813 110.74185 110.86299 110.98139 111.0969 111.20937 111.31861 111.42447 111.52674 111.62524 111.71975 111.81005 111.8959 111.97705 112.05322 112.12412 112.1894
104.88568 104.96878 105.05685 105.14978 105.24743 105.34968 105.45635 105.56727 105.68226 105.80112 105.92364 106.04962 106.17882 106.31103 106.44601 106.58354 106.72339 106.86532 107.00911 107.15453 107.30137 107.4494 107.59843 107.74824 107.89863 108.04941 108.2004 108.35141 108.50227 108.65281 108.80286 108.95228 109.1009 109.24858 109.39517 109.54052 109.68451 109.82698 109.96781 110.10685 110.24397 110.37903 110.51189 110.64241 110.77044 110.89583 111.01843 111.13808 111.25461 111.36784 111.47759 111.58366 111.68585 111.78393 111.87768 111.96683 112.05113 112.13028 112.20396 112.27184
104.73475 104.81939 104.90924 105.00419 105.10409 105.20881 105.31817 105.43199 105.55007 105.67221 105.79819 105.92778 106.06075 106.19686 106.33588 106.47755 106.62165 106.76792 106.91614 107.06606 107.21746 107.37011 107.5238 107.6783 107.83342 107.98896 108.14472 108.30051 108.45617 108.6115 108.76636 108.92057 109.07398 109.22644 109.3778 109.52791 109.67663 109.82381 109.96933 110.11304 110.25479 110.39445 110.53188 110.66692 110.79943 110.92925 111.05622 111.18018 111.30094 111.41833 111.53216 111.64221 111.74827 111.85011 111.94749 112.04014 112.12778 112.2101 112.28678 112.35745
104.5779 104.6641 104.75578 104.85279 104.95502 105.06229 105.17443 105.29125 105.41254 105.53808 105.66764 105.80098 105.93786 106.07803 106.22123 106.36721 106.51572 106.66651 106.81931 106.9739 107.13003 107.28746 107.44598 107.60535 107.76536 107.92582 108.08651 108.24726 108.40787 108.56817 108.72799 108.88715 109.04552 109.20292 109.3592 109.51422 109.66784 109.8199 109.97028 110.11881 110.26537 110.4098 110.55195 110.69169 110.82885 110.96327 111.09479 111.22323 111.34841 111.47014 111.58823 111.70245 111.81258 111.91838 112.01959 112.11594 112.20712 112.29284 112.37272 112.44641
104.41486 104.50266 104.5962 104.69535 104.79996 104.90987 105.02489 105.14482 105.26943 105.3985 105.53178 105.66902 105.80996 105.95434 106.10189 106.25235 106.40544 106.5609 106.71847 106.8779 107.03894 107.20133 107.36484 107.52925 107.69434 107.85989 108.02569 108.19156 108.35729 108.52272 108.68767 108.85196 109.01544 109.17795 109.33932 109.49943 109.65811 109.81521 109.97061 110.12414 110.27566 110.42504 110.5721 110.71671 110.85869 110.9979 111.13414 111.26726 111.39705 111.52332 111.64586 111.76445 111.87885 111.98881 112.09407 112.19433 112.28928 112.3786 112.46193 112.53886
104.24538 104.3348 104.43025 104.53159 104.63866 104.7513 104.8693 104.99244 105.12051 105.25324 105.39038 105.53167 105.67684 105.8256 105.97767 106.13277 106.29062 106.45095 106.61347 106.77792 106.94404 107.11157 107.28027 107.4499 107.62024 107.79106 107.96215 108.13331 108.30435 108.47508 108.64533 108.81492 108.98369 109.15147 109.31812 109.48347 109.64738 109.80971 109.97029 110.129 110.28567 110.44016 110.59231 110.74197 110.88897 111.03314 111.17431 111.31229 111.44689 111.5779 111.7051 111.82827 111.94716 112.0615 112.17102 112.27542 112.37438 112.46755 112.55455 112.63497
104.06916 104.16024 104.25764 104.36123 104.47085 104.5863 104.70739 104.83388 104.96552 105.10206 105.24322 105.38873 105.53828 105.69159 105.84836 106.0083 106.17109 106.33647 106.50413 106.67379 106.84519 107.01806 107.19213 107.36718 107.54295 107.71922 107.89579 108.07243 108.24895 108.42517 108.6009 108.77596 108.95019 109.12343 109.29552 109.4663 109.63562 109.80334 109.9693 110.13336 110.29536 110.45515 110.61258 110.76748 110.91968 111.06902 111.21531 111.35836 111.49798 111.63394 111.76602 111.89398 112.01758 112.13654 112.25056 112.35934 112.46254 112.5598 112.65073 112.73491
103.88591 103.97867 104.07808 104.18399 104.29623 104.41461 104.53889 104.66885 104.80421 104.94471 105.09005 105.23994 105.39406 105.55211 105.71377 105.87873 106.04667 106.21729 106.39029 106.56537 106.74225 106.92064 107.10029 107.28094 107.46235 107.64427 107.8265 108.00881 108.191 108.37289 108.55428 108.735 108.91488 109.09376 109.27147 109.44786 109.62278 109.79607 109.96759 110.13719 110.30471 110.46999 110.63289 110.79322 110.95084 111.10555 111.25716 111.4055 111.55034 111.69147 111.82866 111.96165 112.0902 112.214 112.33277 112.44618 112.55388 112.65549 112.75063 112.83884
103.69533 103.78981 103.89127 103.99957 104.11452 104.23592 104.36352 104.49708 104.63632 104.78093 104.93062 105.08507 105.24395 105.40693 105.57368 105.74387 105.91716 106.09324 106.27178 106.45249 106.63505 106.81918 107.00461 107.19108 107.37831 107.56609 107.75418 107.94235 108.13041 108.31816 108.5054 108.69197 108.87769 109.06239 109.24591 109.42809 109.60879 109.78786 109.96513 110.14045 110.31368 110.48466 110.65322 110.8192 110.98243 111.14272 111.29988 111.45372 111.60401 111.75055 111.89307 112.03134 112.16508 112.29399 112.41776 112.53606 112.64853 112.75478 112.8544 112.94693
103.49708 103.59331 103.69688 103.80764 103.9254 104.04993 104.18098 104.31828 104.46154 104.61045 104.76467 104.92387 105.0877 105.25582 105.42787 105.6035 105.78236 105.96411 106.14843 106.33497 106.52344 106.71353 106.90496 107.09744 107.29072 107.48456 107.67871 107.87295 108.06707 108.26088 108.45418 108.64679 108.83853 109.02925 109.21877 109.40695 109.59362 109.77864 109.96186 110.14312 110.32226 110.49913 110.67357 110.8454 111.01445 111.18054 111.34348 111.50305 111.65903 111.81121 111.95932 112.10311 112.2423 112.37658 112.50563 112.6291 112.74663 112.85781 112.96221 113.05936
103.29083 103.38884 103.49458 103.60788 103.72853 103.85631 103.99095 104.13215 104.2796 104.43297 104.59192 104.75607 104.92507 105.09854 105.27611 105.45741 105.64207 105.82973 106.02004 106.21265 106.40726 106.60353 106.80117 106.9999 107.19945 107.39955 107.59998 107.8005 108.00089 108.20096 108.40051 108.59936 108.79733 108.99427 109.18999 109.38436 109.57721 109.76839 109.95775 110.14514 110.3304 110.51338 110.6939 110.87181 111.04691 111.21903 111.38796 111.5535 111.71543 111.87349 112.02745 112.17703 112.32194 112.46187 112.59648 112.72542 112.8483 112.96471 113.07421 113.17631
103.07623 103.17605 103.28401 103.39992 103.52358 103.65473 103.79309 103.93835 104.09017 104.24821 104.41208 104.5814 104.75579 104.93485 105.11817 105.30538 105.49607 105.68988 105.88643 106.08536 106.28633 106.48902 106.69312 106.89832 107.10435 107.31095 107.51788 107.72489 107.93176 108.13831 108.34432 108.54961 108.75402 108.95737 109.1595 109.36025 109.55948 109.75703 109.95275 110.14648 110.33807 110.52737 110.71421 110.89841 111.07979 111.25817 111.43335 111.60511 111.77322 111.93744 112.09751 112.25316 112.40407 112.54994 112.69041 112.82512 112.95368 113.07564 113.19057 113.29795
102.85288 102.95456 103.0648 103.18342 103.31019 103.44485 103.58708 103.73657 103.89295 104.05584 104.22485 104.39958 104.57959 104.76447 104.9538 105.14717 105.34415 105.54436 105.7474 105.9529 106.16049 106.36984 106.58063 106.79255 107.0053 107.21863 107.43227 107.646 107.85958 108.07281 108.2855 108.49745 108.7085 108.91848 109.12722 109.33458 109.54039 109.74452 109.9468 110.14709 110.34524 110.54108 110.73445 110.92518 111.11308 111.29797 111.47964 111.65788 111.83244 112.00309 112.16956 112.33156 112.48877 112.64089 112.78753 112.92834 113.06289 113.19076 113.31146 113.42449
102.62042 102.72397 102.83656 102.95798 103.08798 103.22628 103.37255 103.52645 103.68759 103.85556 104.02994 104.2103 104.39619 104.58715 104.78275 104.98254 105.18609 105.39296 105.60276 105.81508 106.02956 106.24583 106.46357 106.68244 106.90217 107.12246 107.34306 107.56372 107.78423 108.00437 108.22395 108.44278 108.66069 108.87751 109.09308 109.30725 109.51987 109.73078 109.93986 110.14693 110.35185 110.55447 110.75461 110.9521 111.14677 111.33842 111.52685 111.71182 111.89312 112.07048 112.24363 112.41228 112.57612 112.73479 112.88795 113.03519 113.17609 113.31021 113.43705 113.5561
102.37841 102.48389 102.59889 102.7232 102.85655 102.99864 103.14913 103.30763 103.47374 103.64702 103.82702 104.01327 104.20529 104.40262 104.60476 104.81126 105.02164 105.23546 105.4523 105.67173 105.89336 106.11682 106.34176 106.56785 106.79479 107.02229 107.25009 107.47794 107.70561 107.93289 108.15959 108.38551 108.6105 108.83438 109.05699 109.2782 109.49784 109.71577 109.93185 110.14594 110.35787 110.56749 110.77464 110.97915 111.18084 111.37951 111.57496 111.76696 111.95527 112.13964 112.31978 112.4954 112.66617 112.83175 112.99175 113.14578 113.2934 113.43415 113.56752 113.69299
