data/geo/ceny_8_cerven_14.asc
NCOLS 600
NROWS 600
XLLCORNER 448997
YLLCORNER 5535900
DX 45.415
DY 31.4
NODATA_VALUE -9999
[rows 26 to 51 of 600, columns 300 to 359 of 600]
97.680718 97.863577 98.073018 98.309044 98.570884 98.857047 99.16544 99.493519 99.838452 100.19728 100.56708 100.94502 101.32852 101.71521 102.10304 102.4902 102.87511 103.25645 103.63304 104.00381 104.36778 104.724 105.07145 105.40905 105.73554 106.04947 106.34907 106.63223 106.89636 107.13832 107.35427 107.53956 107.68856 107.79447 107.84911 107.84268 107.76348 107.59761 107.32869 106.93748 106.40174 105.69615 104.79267 103.66175 102.27482 100.60918 98.656348 96.435175 94.010168 91.513116 89.161544 87.261784 86.182369 86.291909 87.876434 91.070543 95.833462 101.97195 109.18252 117.08173
97.868262 98.062819 98.280082 98.520091 98.78227 99.065455 99.367978 99.687778 100.02253 100.36976 100.72698 101.09178 101.46186 101.83513 102.2097 102.58388 102.95617 103.32525 103.68991 104.04906 104.40163 104.74657 105.08277 105.40903 105.72399 106.02605 106.31334 106.58362 106.83418 107.06176 107.26243 107.43143 107.56303 107.65033 107.68504 107.65724 107.55505 107.36433 107.0683 106.64716 106.07778 105.33356 104.38458 103.19869 101.74379 99.992677 97.931591 95.574004 92.980563 90.283512 87.708816 85.582237 84.301899 84.268598 85.789788 88.998436 93.826219 100.0354 107.27665 115.13441
98.02034 98.227001 98.452929 98.698192 98.962369 99.24456 99.543443 99.857355 100.18439 100.5225 100.86957 101.22353 101.58239 101.94427 102.30745 102.67038 103.03162 103.38989 103.74397 104.09275 104.4351 104.7699 105.09598 105.41203 105.71659 106.00799 106.28424 106.54302 106.78153 106.99644 107.18372 107.33858 107.45522 107.52671 107.54471 107.49926 107.37841 107.1679 106.85077 106.40689 105.81262 105.04053 104.05956 102.83583 101.33492 99.52665 97.39367 94.945768 92.240852 89.411252 86.688335 84.410498 82.994772 82.861123 84.326338 87.514292 92.328603 98.493476 105.62525 113.29044
98.140263 98.359475 98.594866 98.846527 99.114162 99.39709 99.694274 100.00439 100.32587 100.65704 100.99612 101.34132 101.69093 102.04328 102.39682 102.7501 103.10179 103.45062 103.79542 104.13503 104.46832 104.79412 105.11117 105.41812 105.71343 105.99535 106.26184 106.51048 106.73844 106.94232 107.11808 107.26088 107.36493 107.42331 107.42773 107.36824 107.23297 107.00769 106.67545 106.2161 105.6059 104.81721 103.81855 102.57544 101.0526 99.218672 97.054928 94.569728 91.819971 88.938117 86.157654 83.821396 82.351742 82.171229 83.591344 86.719798 91.435468 97.43668 104.32216 111.65726
98.231014 98.463264 98.708879 98.967974 99.240363 99.525545 99.822729 100.13087 100.44871 100.77486 101.10786 101.44617 101.78832 102.13284 102.47833 102.82346 103.16699 103.50771 103.84446 104.17609 104.50145 104.81933 105.12845 105.4274 105.71459 105.98821 106.24617 106.48602 106.70489 106.89935 107.06537 107.19813 107.29188 107.33976 107.33359 107.26357 107.11797 106.88279 106.54133 106.07372 105.45656 104.66259 103.6608 102.41724 100.89732 99.070454 96.918863 94.451914 91.72735 88.877791 86.135216 83.837802 82.398553 82.224956 83.608749 86.636481 91.16914 96.894921 103.41365 110.30581
98.295286 98.541098 98.79767 99.065148 99.343444 99.632219 99.93089 100.23865 100.55452 100.87737 101.20598 101.53908 101.87538 102.21361 102.55252 102.89091 103.22759 103.56144 103.89132 104.2161 104.53463 104.84568 105.14794 105.43996 105.72013 105.98661 106.23727 106.46964 106.68083 106.86744 107.02545 107.1501 107.23573 107.27561 107.26172 107.18448 107.03248 106.79209 106.44706 105.97816 105.36272 104.57451 103.58378 102.35826 100.86544 99.077418 96.979456 94.584068 91.951295 89.213465 86.597032 84.426484 83.091499 82.968872 84.31912 87.205769 91.480921 96.838734 102.89732 109.26551
98.335526 98.595451 98.863687 99.14042 99.425658 99.719209 100.02068 100.32947 100.64484 100.96588 101.29162 101.621 101.95292 102.28627 102.61996 102.95288 103.28395 103.6121 103.93624 104.25527 104.56802 104.87328 105.16972 105.45589 105.73013 105.99059 106.23514 106.4613 106.66619 106.84645 106.99811 107.1165 107.19609 107.23032 107.21142 107.13012 106.97542 106.73421 106.39095 105.9273 105.32177 104.54964 103.58322 102.39283 100.94936 99.228998 97.221729 94.944665 92.460793 89.900975 87.481907 85.506312 84.329359 84.285914 85.598541 88.309018 92.269749 97.194352 102.73223 108.52945
98.35396 98.628577 98.909162 99.195954 99.489064 99.788439 100.09385 100.40492 100.72108 101.04165 101.36587 101.69286 102.0217 102.35146 102.68116 103.00982 103.33643 103.65999 103.97947 104.29378 104.60179 104.90228 105.19392 105.47526 105.74463 106.00018 106.23978 106.46097 106.6609 106.83625 106.98314 107.09702 107.17253 107.20333 107.18194 107.09951 106.94552 106.70757 106.37098 105.91856 105.33034 104.58361 103.65327 102.51303 101.13803 99.509609 97.623405 95.501726 93.210223 90.876434 88.703266 86.965468 85.976505 86.023537 87.289449 89.797766 93.408858 97.864958 102.85455 108.06534
98.352637 98.642539 98.936131 99.233728 99.535547 99.841676 100.15205 100.46647 100.78456 101.10585 101.42973 101.75553 102.08249 102.40982 102.73667 103.06216 103.38539 103.70541 104.02124 104.33184 104.63609 104.93279 105.22064 105.49815 105.7637 106.01542 106.2512 106.46861 106.66485 106.83667 106.9803 107.09132 107.16458 107.19401 107.17247 107.09158 106.94143 106.7104 106.38486 105.94896 105.38453 104.67119 103.78685 102.70911 101.41788 99.900093 98.157301 96.216752 94.145672 92.066057 90.163692 88.681562 87.888492 88.023303 89.231451 91.522681 94.770527 98.750375 103.19271 107.82753
98.33345 98.639239 98.946471 99.255557 99.566838 99.880545 100.19678 100.5155 100.83652 101.15955 101.48417 101.80985 102.136 102.46195 102.787 103.11035 103.43119 103.74865 104.0618 104.36964 104.67109 104.96497 105.24997 105.52465 105.78737 106.03631 106.26936 106.48415 106.67793 106.84754 106.98933 107.09905 107.17176 107.20171 107.18216 107.10522 106.96168 106.7408 106.43009 106.01523 105.48 104.80655 103.97606 102.9702 101.77381 100.37938 98.793984 97.048904 95.211363 93.395646 91.768184 90.538903 89.932755 90.143421 91.28363 93.35371 96.243007 99.76074 103.67857 107.76679
98.298173 98.620447 98.941918 99.26312 99.584534 99.906544 100.22941 100.55327 100.87811 101.2038 101.53008 101.85659 102.18289 102.50844 102.83262 103.15478 103.47418 103.79001 104.1014 104.4074 104.70696 104.99893 105.28203 105.55483 105.81571 106.06288 106.29427 106.50755 106.70004 106.86869 107.00997 107.11983 107.19358 107.22577 107.21011 107.13927 107.00475 106.79677 106.50407 106.11391 105.61214 104.98353 104.21255 103.28493 102.19025 100.9261 99.504244 97.958698 96.354971 94.797899 93.433582 92.439748 92.000879 92.270992 93.335743 95.189688 97.738543 100.82339 104.25384 107.8369
98.24848 98.587821 98.924091 99.257976 99.590115 99.921061 100.25124 100.58096 100.91038 101.23953 101.56831 101.89651 102.22382 102.54982 102.87403 103.19586 103.51468 103.82975 104.14025 104.44529 104.74384 105.0348 105.31691 105.58875 105.84876 106.09515 106.32591 106.53875 106.73108 106.89995 107.04199 107.15333 107.22954 107.26554 107.25545 107.19255 107.06911 106.8763 106.60414 106.24151 105.77632 105.19592 104.48801 103.64211 102.65209 101.51995 100.26105 98.910722 97.531215 96.216808 95.093474 94.309169 94.01281 94.325088 95.310178 96.959564 99.194482 101.88443 104.87249 107.99805
98.18597 98.542932 98.894511 99.241577 99.584958 99.925384 100.26346 100.59967 100.93433 101.26764 101.59964 101.93028 102.25937 102.58662 102.91164 103.23397 103.55302 103.86815 104.17859 104.48349 104.78189 105.07271 105.3547 105.62651 105.88657 106.13314 106.36426 106.5777 106.77095 106.94117 107.08513 107.19919 107.27918 107.32035 107.31732 107.26393 107.15324 106.9774 106.72769 106.39458 105.96798 105.43772 104.79445 104.03116 103.14541 102.14272 101.04089 99.875256 98.703631 97.609304 96.699252 96.094998 95.915336 96.253879 97.158247 98.61869 100.57032 102.90702 105.50053 108.21811
98.11219 98.487279 98.854614 99.215292 99.570347 99.92071 100.26718 100.6104 100.95087 101.28894 101.62481 101.95855 102.29011 102.61932 102.94589 103.26944 103.58949 103.90545 104.21661 104.52219 104.82126 105.11276 105.39551 105.66815 105.92918 106.17688 106.40933 106.62436 106.81956 106.99219 107.1392 107.25711 107.34205 107.38962 107.39489 107.35232 107.2557 107.09816 106.87221 106.56983 106.18282 105.7033 105.12457 104.44259 103.65797 102.77884 101.82441 100.82888 99.844878 98.94488 98.218605 97.76485 97.677591 98.028962 98.854093 100.14313 101.84312 103.86832 106.11448 108.47238
98.028645 98.422301 98.80577 99.180408 99.547489 99.908159 100.26341 100.61409 100.96085 101.30419 101.64448 101.98192 102.31656 102.64837 102.97715 103.30262 103.62437 103.94188 104.25452 104.56154 104.86206 105.15507 105.43941 105.71377 105.97665 106.22639 106.46112 106.67872 106.87686 107.05292 107.20399 107.32681 107.41775 107.47279 107.48742 107.4567 107.37515 107.23682 107.03538 106.76425 106.41694 105.98761 105.47188 104.86818 104.17948 103.41573 102.59657 101.7543 100.93602 100.20399 99.632724 99.301963 99.285649 99.63917 100.38836 101.52389 103.00282 104.7561 106.69925 108.74273
97.936818 98.349398 98.749288 99.138147 99.517515 99.888774 100.25313 100.61161 100.96505 101.31411 101.65929 102.00093 102.33921 102.67419 103.00578 103.3338 103.65791 103.97766 104.29249 104.6017 104.90444 105.19975 105.48651 105.76342 106.02904 106.28173 106.51965 106.74077 106.94281 107.12326 107.27937 107.40805 107.50595 107.56937 107.59424 107.57617 107.51037 107.39178 107.21512 106.97513 106.66687 106.28624 105.83086 105.3011 104.70171 104.04368 103.34642 102.63976 101.96528 101.37592 100.93315 100.701 100.73747 101.08506 101.76272 102.762 104.04815 105.56566 107.24617 109.0164
97.838175 98.269927 98.686426 99.089669 99.481491 99.863531 100.23722 100.60377 100.9642 101.31933 101.66981 102.01608 102.35848 102.69715 103.03211 103.36326 103.69035 104.01299 104.33069 104.64278 104.9485 105.24689 105.53687 105.81719 106.08641 106.34293 106.58497 106.81052 107.01739 107.20318 107.36523 107.50067 107.60638 107.67897 107.71479 107.70994 107.66031 107.56164 107.40962 107.20015 106.92964 106.59553 106.19698 105.73595 105.21836 104.65569 104.06656 103.4781 102.92657 102.45669 102.11887 101.9644 102.03875 102.37453 102.98568 103.86469 104.98347 106.29741 107.7512 109.28489
97.734174 98.185219 98.618393 99.036076 99.440422 99.833341 100.2165 100.59131 100.95897 101.32046 101.67655 102.02785 102.37478 102.71759 103.05643 103.39124 103.72188 104.04803 104.36924 104.68493 104.99434 105.29657 105.59058 105.87513 106.14882 106.41007 106.65712 106.88803 107.10065 107.29266 107.46154 107.60457 107.71885 107.80129 107.8486 107.85738 107.82411 107.74524 107.61735 107.43737 107.20285 106.91249 106.56674 106.16865 105.72493 105.24709 104.75262 104.26584 103.81815 103.44706 103.19384 103.09951 103.19976 103.51966 104.06946 104.84263 105.81645 106.95501 108.2135 109.54288
97.626263 98.096568 98.546353 98.978414 99.395249 99.799054 100.19173 100.57491 100.94997 101.31803 101.68001 102.03664 102.38846 102.73583 103.07898 103.41797 103.75269 104.08293 104.40828 104.72822 105.04204 105.34888 105.64771 105.93732 106.21634 106.48321 106.73619 106.97336 107.19263 107.39175 107.5683 107.71971 107.84326 107.93613 107.99538 108.01803 108.00109 107.94167 107.83713 107.68525 107.4846 107.23487 106.9375 106.59635 106.21851 105.81521 105.40261 105.00232 104.64132 104.35102 104.16512 104.11647 104.23313 104.53444 105.02799 105.70811 106.55642 107.54394 108.63432 109.78742
97.515879 98.005238 98.471423 98.917675 99.346855 99.761456 100.16363 100.55521 100.93774 101.31252 101.6806 102.04282 102.39984 102.75213 103.10001 103.44361 103.78293 104.1178 104.4479 104.77274 105.09167 105.40386 105.70831 106.00383 106.28905 106.56244 106.82226 107.06662 107.29346 107.50057 107.68562 107.84615 107.97962 108.08343 108.15495 108.19157 108.19079 108.15028 108.06806 107.94269 107.77352 107.56108 107.30753 107.01726 106.69749 106.35895 106.01639 105.68888 105.39952 105.17454 105.04149 105.02671 105.15235 105.43341 105.87549 106.47377 107.2133 108.07064 109.01626 110.01722
97.404436 97.91245 98.394665 98.854789 99.296059 99.721272 100.13283 100.53276 100.9228 101.30438 101.6787 102.04672 102.4092 102.76672 103.11968 103.46831 103.8127 104.15273 104.48816 104.81854 105.14328 105.46157 105.77243 106.07471 106.36704 106.64786 106.91547 107.16796 107.40329 107.61928 107.81365 107.98404 108.12805 108.24326 108.3273 108.3779 108.39297 108.37067 108.3096 108.20895 108.06873 107.89011 107.6758 107.43048 107.16133 106.87843 106.59517 106.32826 106.09746 105.92467 105.83243 105.84197 105.97082 106.23068 106.62574 107.15187 107.79691 108.54185 109.36261 110.23213
97.293314 97.819375 98.317081 98.790622 99.243616 99.679161 100.0999 100.50807 100.90558 101.29399 101.67464 102.0486 102.41675 102.77977 103.13814 103.4922 103.84209 104.18779 104.5291 104.86566 105.19688 105.52203 105.84013 106.15003 106.45037 106.73959 107.01595 107.27754 107.52232 107.7481 107.95264 108.13363 108.28877 108.41581 108.51258 108.57709 108.60761 108.60272 108.56151 108.48369 108.36981 108.22153 108.04194 107.83589 107.61035 107.37474 107.14111 106.9241 106.74059 106.6089 106.54754 106.57367 106.70127 106.93952 107.29156 107.75389 108.31661 108.96421 109.67702 110.43277
97.183839 97.727118 98.239603 98.725969 99.190209 99.635715 100.06537 100.4816 100.88646 101.28168 101.6687 102.04871 102.4227 102.79144 103.15551 103.51534 103.87114 104.22298 104.57073 104.91407 105.25249 105.58525 105.91142 106.22984 106.53914 106.83774 107.12388 107.3956 107.65083 107.88736 108.10294 108.29529 108.46217 108.60144 108.71111 108.78942 108.83492 108.84657 108.82385 108.7669 108.67672 108.55534 108.40611 108.23393 108.04552 107.8496 107.657 107.48054 107.33468 107.23476 107.19608 107.23257 107.35546 107.57202 107.88462 108.29031 108.78099 109.34399 109.96319 110.62021
97.077258 97.636701 98.16308 98.661544 99.136445 99.591455 100.02967 100.45371 100.86577 101.26772 101.6611 102.04723 102.42718 102.80183 103.17185 103.53775 103.89986 104.2583 104.61302 104.96376 105.31005 105.65121 105.9863 106.31417 106.63343 106.94247 107.23946 107.52239 107.78913 108.03743 108.26497 108.46949 108.64875 108.80068 108.92341 109.01537 109.07536 109.10262 109.09697 109.05893 108.98982 108.89199 108.76894 108.62558 108.46831 108.30521 108.14601 108.00197 107.88549 107.80952 107.78674 107.82856 107.94406 108.13906 108.41537 108.77053 109.19787 109.68703 110.22474 110.79578
96.974714 97.549043 98.088266 98.597973 99.08285 99.546825 99.993197 100.42474 100.8438 101.25234 101.65204 102.04429 102.43029 102.81099 103.18717 103.55944 103.9282 104.29367 104.65588 105.01463 105.36951 105.71985 106.06475 106.40305 106.73333 107.05391 107.3629 107.65822 107.93763 108.19878 108.4393 108.65684 108.84916 109.01421 109.15019 109.25566 109.3296 109.37152 109.38152 109.3604 109.30979 109.23225 109.13143 109.01214 108.88053 108.74407 108.61153 108.49282 108.39865 108.34002 108.32753 108.37058 108.4766 108.65028 108.89305 109.20285 109.5742 109.99858 110.46503 110.96095
96.877212 97.46494 98.0158 98.535781 99.029861 99.502193 99.95625 100.39494 100.82074 101.23571 101.64162 102.03999 102.43207 102.81893 103.20146 103.58034 103.95608 104.329 104.69921 105.06657 105.43074 105.79109 106.14673 106.49649 106.83889 107.17221 107.49446 107.80344 108.09677 108.37199 108.62659 108.85811 109.06424 109.24291 109.39235 109.5112 109.59859 109.65421 109.67842 109.67226 109.63762 109.57724 109.49486 109.39525 109.28426 109.16885 109.05697 108.95741 108.8795 108.83262 108.82572 108.86664 108.96152 109.11418 109.32577 109.5946 109.91614 110.28336 110.68721 111.11718
