data/geo/ceny_8_cerven_14.asc
NCOLS 600
NROWS 600
XLLCORNER 448997
YLLCORNER 5535900
DX 45.415
DY 31.4
NODATA_VALUE -9999
[rows 182 to 207 of 600, columns 240 to 299 of 600]
99.020546 94.53196 89.78688 89.267228 92.932054 96.43925 99.036138 100.97198 102.41424 103.46995 104.23023 104.78512 105.23531 105.71261 106.41416 107.63685 109.68373 112.07227 111.24418 101.16296 84.390641 74.433287 77.689426 87.016186 95.96921 103.32859 109.46284 113.64514 114.26402 112.12816 109.46998 107.19996 105.31479 103.65099 102.09876 100.62597 99.271285 98.126443 97.29939 96.863043 96.817577 97.091898 97.578445 98.172434 98.794451 99.394822 99.948036 100.44475 100.88502 101.27369 101.61751 101.92359 102.19861 102.44842 102.67798 102.89135 103.09181 103.28199 103.46392 103.63923
98.425003 93.398519 87.51481 86.982672 91.713407 95.587244 98.418254 100.56056 102.15574 103.30459 104.10318 104.64359 105.01675 105.32113 105.67125 106.17698 106.77686 106.61191 102.81697 90.993242 72.098582 60.974867 68.083931 81.68297 92.770534 100.68941 106.40002 109.95902 110.90271 109.81481 107.98668 106.1426 104.4209 102.76396 101.10994 99.454688 97.873869 96.518454 95.566678 95.13923 95.233706 95.732886 96.471786 97.303269 98.127337 98.889828 99.56897 100.16192 100.67525 101.11924 101.50491 101.84256 102.14123 102.40851 102.65067 102.87277 103.07887 103.27217 103.45522 103.63001
98.265333 93.564472 88.63353 88.092591 91.717453 95.110951 97.975758 100.26382 101.97946 103.19812 104.01749 104.53075 104.81891 104.94959 104.96732 104.84375 104.3063 102.40761 96.899931 84.502936 65.482377 54.094382 63.018115 78.605433 90.517676 98.429758 103.67043 106.81065 107.9687 107.59403 106.42881 104.98229 103.42744 101.7679 99.975469 98.068844 96.166443 94.504076 93.371937 92.968146 93.279217 94.10515 95.189693 96.328225 97.399976 98.35209 99.172739 99.870268 100.4608 100.96197 101.39013 101.7594 102.0815 102.36598 102.6205 102.85117 103.0628 103.25923 103.44345 103.61782
98.310233 94.10132 90.763121 89.987079 91.779501 94.73295 97.677337 100.09798 101.90435 103.16546 103.98578 104.46075 104.66369 104.63925 104.3858 103.80152 102.54866 99.79119 93.90104 82.769527 67.091094 57.835509 65.161886 78.841344 89.694609 96.919236 101.59308 104.39315 105.63766 105.68033 104.96333 103.81943 102.39211 100.69741 98.712874 96.462325 94.104956 91.993933 90.598454 90.244715 90.889651 92.186041 93.736006 95.262258 96.629251 97.796534 98.771315 99.579005 100.2487 100.80724 101.27729 101.6773 102.02196 102.32286 102.58911 102.82786 103.04471 103.24404 103.42931 103.60325
98.294429 93.858913 90.390361 88.601547 90.714308 94.281694 97.528626 100.08664 101.94847 103.21895 104.01768 104.44387 104.5659 104.41459 103.96599 103.0978 101.50003 98.54008 93.18367 84.41818 73.477551 67.347043 71.917641 81.64945 90.19339 96.217164 100.20435 102.6545 103.87283 104.12244 103.6722 102.72493 101.36879 99.5957 97.357293 94.653386 91.669192 88.912003 87.13421 86.875484 88.026171 89.983781 92.140593 94.138117 95.84281 97.244146 98.37993 99.299039 100.04678 100.66073 101.17062 101.59948 101.96509 102.28111 102.55807 102.80412 103.02559 103.22742 103.41347 103.58679
98.235864 92.870748 88.909364 85.914788 89.53723 94.061753 97.626749 100.2669 102.12824 103.36704 104.11883 104.48553 104.53222 104.28337 103.71045 102.70356 101.02341 98.252692 93.838175 87.504988 80.52907 76.841501 79.333269 85.452307 91.508972 96.157621 99.395175 101.46672 102.57589 102.89526 102.58129 101.74184 100.40436 98.51449 95.968961 92.705863 88.902998 85.252073 82.935449 82.841044 84.726192 87.568955 90.474381 93.011884 95.080419 96.721857 98.016603 99.042507 99.863362 100.52831 101.07432 101.52906 101.91326 102.24255 102.52879 102.78107 103.00636 103.2101 103.39651 103.56891
98.49297 91.940739 87.477585 87.114835 90.117102 94.539913 98.094106 100.67271 102.45324 103.6124 104.29006 104.5861 104.56199 104.24035 103.59831 102.55322 100.94473 98.53555 95.096562 90.712847 86.386899 84.191674 85.464012 89.086899 93.107937 96.49184 99.004708 100.6912 101.64262 101.94912 101.68698 100.89339 99.539052 97.513732 94.639053 90.753741 85.976671 81.18743 78.163792 78.32124 81.185973 85.113313 88.862006 91.964915 94.392829 96.261049 97.700969 98.821976 99.706714 100.41557 100.99234 101.46888 101.86859 102.20881 102.50257 102.75973 102.98784 103.19273 103.37894 103.55003
99.552693 92.638331 87.813033 89.382428 92.132639 95.793745 98.966681 101.30924 102.91971 103.95009 104.52698 104.74118 104.64873 104.27199 103.59758 102.57242 101.10407 99.083215 96.465041 93.453282 90.733886 89.371194 89.975839 92.057633 94.62646 96.993053 98.875418 100.20323 100.98047 101.23109 100.97275 100.19024 98.806607 96.657937 93.486601 89.012328 83.246123 77.215115 73.390656 73.867308 77.846828 82.912926 87.480391 91.097707 93.836756 95.894321 97.452346 98.649318 99.584423 100.32757 100.92816 101.42144 101.83292 102.1813 102.48049 102.74096 102.9707 103.17586 103.3612 103.53048
101.55615 95.536935 91.618512 92.285031 94.69674 97.578949 100.1709 102.143 103.50782 104.36708 104.82015 104.94235 104.78196 104.36063 103.674 102.69376 101.37691 99.693293 97.686341 95.567029 93.777263 92.861916 93.09936 94.269361 95.878161 97.498315 98.879106 99.900921 100.51307 100.69303 100.41756 99.634663 98.232626 96.007034 92.638678 87.747485 81.232202 74.196712 69.698923 70.465213 75.384113 81.351257 86.529174 90.512468 93.465659 95.650744 97.287282 98.534408 99.502664 100.26835 100.88454 101.38871 101.80771 102.16112 102.46341 102.72545 102.95551 103.15993 103.34365 103.51054
104.15097 99.351051 96.210895 96.025124 97.56623 99.632512 101.57939 103.11284 104.18468 104.84358 105.15592 105.1781 104.94876 104.48752 103.79622 102.86361 101.6773 100.24874 98.653603 97.073635 95.794132 95.10381 95.132586 95.77832 96.791578 97.908028 98.92365 99.706937 100.1803 100.29391 99.999338 99.222192 97.831219 95.603024 92.194215 87.187331 80.434802 73.05475 68.315994 69.196457 74.470226 80.770694 86.170931 90.286853 93.318182 95.550619 97.217071 98.483894 99.465572 100.2406 100.86334 101.37202 101.79396 102.14904 102.45195 102.7137 102.94266 103.14527 103.32654 103.49042
106.89401 103.05611 100.44327 99.751304 100.45656 101.74188 103.0636 104.1488 104.91111 105.3557 105.51786 105.43487 105.13509 104.63465 103.93812 103.04329 101.95241 100.69214 99.340176 98.04386 97.002016 96.394289 96.299322 96.667636 97.353166 98.170403 98.94991 99.566488 99.936542 99.999693 99.696074 98.941925 97.601915 95.457928 92.187145 87.414598 81.04513 74.163562 69.759507 70.515269 75.377358 81.303866 86.466437 90.449244 93.408317 95.601322 97.245881 98.500304 99.474785 100.24547 100.8654 101.37202 101.7922 102.14551 102.44649 102.70602 102.93242 103.1321 103.31006 103.47024
109.50863 106.29788 104.01967 103.04017 103.11848 103.74953 104.51956 105.18717 105.64835 105.87854 105.88825 105.69802 105.32653 104.78555 104.07922 103.20747 102.17471 101.00466 99.759158 98.552388 97.545068 96.904514 96.732876 97.004125 97.575651 98.267132 98.925744 99.443839 99.748374 99.782401 99.486029 98.776963 97.528999 95.549748 92.572568 88.322704 82.816009 77.045272 73.384089 73.869848 77.783146 82.797722 87.347577 90.968967 93.721666 95.795767 97.370084 98.581728 99.529293 100.28245 100.89048 101.38864 101.80243 102.15059 102.4471 102.70251 102.92489 103.12051 103.29427 103.45006
111.86126 109.02689 106.94695 105.79377 105.43569 105.56209 105.8763 106.17827 106.36277 106.38871 106.24938 105.95254 105.50878 104.9254 104.20392 103.34125 102.33488 101.19265 99.9466 98.672323 97.517739 96.719258 96.49832 96.838454 97.49028 98.206061 98.840649 99.318476 99.592055 99.618981 99.347843 98.705641 97.584284 95.82921 93.246146 89.675325 85.234042 80.761742 77.948153 78.163934 81.002608 84.902504 88.648556 91.767379 94.219606 96.114093 97.578981 98.722159 99.625607 100.34943 100.93732 101.4211 101.82419 102.16401 102.45364 102.70308 102.92003 103.11048 103.27917 103.42988
113.89522 111.28523 109.31649 108.04812 107.38951 107.14119 107.09367 107.08816 107.02808 106.86581 106.58453 106.18347 105.66754 105.04039 104.29996 103.43688 102.43588 101.28002 99.958809 98.492657 97.013059 95.900111 95.647141 96.239338 97.158471 98.020185 98.701405 99.181195 99.450953 99.490159 99.260843 98.703583 97.732484 96.233727 94.082768 91.21533 87.80305 84.502318 82.433701 82.458572 84.381001 87.241165 90.171554 92.743049 94.849321 96.527891 97.856704 98.912399 99.758213 100.44304 101.00377 101.46803 101.8566 102.18517 102.46573 102.7075 102.91767 103.1019 103.26467 103.4096
115.59833 113.13263 111.22584 109.87556 109.00718 108.48368 108.15488 107.89679 107.62542 107.29304 106.87828 106.37591 105.78809 105.11661 104.35628 103.4902 102.48749 101.30219 99.873306 98.146004 96.202958 94.61167 94.339495 95.365763 96.693652 97.767005 98.526742 99.029653 99.312834 99.379332 99.205449 98.746069 97.937211 96.701767 94.971049 92.743809 90.200656 87.824991 86.333136 86.25279 87.504904 89.529751 91.744453 93.797573 95.555277 97.005444 98.184706 99.141299 99.920221 100.5589 101.08699 101.52755 101.89838 102.21323 102.48276 102.71534 102.91752 103.09454 103.25059 103.38909
116.98743 114.62701 112.75781 111.34786 110.33045 109.60432 109.05813 108.59463 108.14244 107.65711 107.11651 106.51464 105.85427 105.13833 104.3604 103.49656 102.50021 101.29766 99.781109 97.819625 95.420343 93.31218 93.032227 94.54173 96.265483 97.51761 98.338267 98.862855 99.166961 99.271463 99.163544 98.810095 98.165748 97.182482 95.830575 94.142458 92.280774 90.588542 89.518737 89.395663 90.197653 91.607245 93.247835 94.852167 96.288184 97.516385 98.544189 99.39705 100.10407 100.69207 101.18371 101.59746 101.94803 102.24712 102.50401 102.72606 102.91918 103.08811 103.23671 103.36814
118.09544 115.82043 113.97861 112.52598 111.40135 110.5248 109.81013 109.1794 108.572 107.94777 107.28617 106.58346 105.84708 105.08565 104.29523 103.44662 102.47872 101.29582 99.761378 97.706005 95.099077 92.74341 92.462426 94.183809 96.041943 97.32742 98.147013 98.674839 99.001163 99.152005 99.118677 98.875758 98.391738 97.639419 96.613314 95.359387 94.012383 92.811599 92.045498 91.917507 92.431506 93.409941 94.614923 95.85314 97.009754 98.034837 98.918001 99.668303 100.3022 100.83745 101.29045 101.67532 102.00383 102.28564 102.52858 102.73903 102.92218 103.08224 103.22273 103.34653
118.9599 116.7582 114.94065 113.45925 112.25726 111.2681 110.42176 109.65357 108.91098 108.15748 107.37493 106.56433 105.7427 104.93141 104.13526 103.32206 102.4161 101.30496 99.847084 97.894123 95.463543 93.325877 93.033058 94.478616 96.074203 97.198357 97.939768 98.449076 98.799452 99.006089 99.056152 98.926924 98.595977 98.049891 97.296822 96.384971 95.421323 94.572671 94.026232 93.913565 94.248644 94.933147 95.818602 96.769644 97.693668 98.54083 99.291779 99.944956 100.50755 100.9901 101.4037 101.75866 102.06402 102.32749 102.55555 102.75355 102.92597 103.07653 103.20831 103.32396
119.61529 117.47858 115.68566 114.18718 112.92997 111.85602 110.90565 110.02273 109.15956 108.28133 107.37129 106.43658 105.50999 104.63689 103.8417 103.09173 102.29094 101.30781 100.00979 98.307307 96.303311 94.636611 94.295421 95.164354 96.234983 97.060718 97.672299 98.155548 98.540879 98.81827 98.963194 98.951428 98.76598 98.402298 97.875731 97.231716 96.55397 95.960183 95.575266 95.487483 95.713918 96.200983 96.856657 97.588105 98.324152 99.020374 99.654395 100.2186 100.71391 101.14549 101.52018 101.84506 102.12681 102.37137 102.58391 102.76887 102.93 103.0705 103.1931 103.30012
120.08982 118.01316 116.24715 114.74164 113.44619 112.30841 111.27503 110.29465 109.32102 108.31754 107.26539 106.17685 105.10757 104.14569 103.35593 102.708 102.06833 101.26867 100.18086 98.771896 97.198527 95.926516 95.480462 95.770436 96.288083 96.789787 97.272715 97.75156 98.200138 98.573143 98.829409 98.941105 98.895055 98.693103 98.354708 97.92137 97.459139 97.053094 96.789544 96.730212 96.892391 97.247921 97.740173 98.306382 98.89357 99.464696 99.997874 100.48267 100.91614 101.29967 101.63689 101.93228 102.19051 102.41598 102.6127 102.78423 102.93367 103.06371 103.1767 103.27469
120.40565 118.38789 116.65246 115.14873 113.82849 112.64313 111.54314 110.47889 109.40198 108.26889 107.05145 105.7608 104.48135 103.37538 102.59001 102.10334 101.70466 101.14859 100.29162 99.135664 97.849735 96.756695 96.130738 95.938935 95.997299 96.236975 96.650654 97.185645 97.750058 98.257034 98.647707 98.891921 98.981385 98.924289 98.743639 98.477906 98.180738 97.915915 97.74565 97.715133 97.84084 98.109245 98.48595 98.929035 99.399958 99.869146 100.317 100.73234 101.11014 101.44935 101.75122 102.01828 102.25353 102.4601 102.64097 102.7989 102.93639 103.05566 103.15871 103.24732
120.58098 118.62458 116.92442 115.43032 114.09623 112.87628 111.72308 110.58653 109.41276 108.14475 106.73254 105.16929 103.56579 102.20796 101.41457 101.18847 101.15632 100.92161 100.30324 99.324875 98.151302 97.01816 96.106754 95.474945 95.164409 95.246291 95.705409 96.403476 97.166063 97.86086 98.415769 98.804294 99.027302 99.101534 99.05472 98.924209 98.7557 98.599361 98.502309 98.499316 98.605826 98.816877 99.112139 99.464006 99.844951 100.23208 100.60877 100.96434 101.29288 101.59187 101.86101 102.1013 102.31449 102.50262 102.66782 102.81216 102.93759 103.0459 103.13875 103.21766
120.63236 118.74237 117.08275 115.60527 114.26636 113.02253 111.82758 110.62978 109.36744 107.96339 106.32828 104.40357 102.29855 100.48889 99.652414 99.861395 100.39667 100.58922 100.21673 99.336953 98.115119 96.741137 95.388062 94.249736 93.599812 93.649539 94.331487 95.35628 96.432952 97.384184 98.137914 98.68354 99.038783 99.232978 99.300829 99.280785 99.214149 99.142674 99.104058 99.126463 99.224407 99.398028 99.635995 99.9205 100.23223 100.55389 100.87188 101.17665 101.4622 101.72525 101.96447 102.17985 102.37214 102.54254 102.69245 102.82336 102.93673 103.03397 103.11643 103.18538
120.57642 118.75898 117.14519 115.69043 114.35426 113.09552 111.86886 110.62099 109.28258 107.75261 105.88387 103.5142 100.67173 98.073461 97.117927 98.057234 99.451317 100.19344 100.06963 99.214342 97.802702 95.988853 93.964371 92.119613 91.078287 91.256012 92.429198 94.015211 95.554773 96.840194 97.827023 98.540205 99.024969 99.328356 99.49464 99.565438 99.580307 99.576075 99.584612 99.629878 99.725653 99.875167 100.0729 100.30776 100.56647 100.83622 101.10622 101.36827 101.61671 101.84801 102.06027 102.25274 102.42547 102.579 102.71415 102.83191 102.93332 103.01945 103.09137 103.15014
120.4306 118.6915 117.12828 115.70149 114.37455 113.10855 111.85872 110.57135 109.17374 107.54553 105.47336 102.63904 98.853535 95.029628 93.830112 95.901508 98.458441 99.826503 99.926955 99.024257 97.299568 94.841924 91.82877 88.910832 87.326559 87.868935 89.938142 92.397379 94.567984 96.260682 97.505799 98.389902 98.997518 99.398259 99.6481 99.793321 99.873516 99.922822 99.969542 100.03494 100.13222 100.26651 100.43606 100.63439 100.85262 101.08144 101.31247 101.5389 101.75564 101.9592 102.14738 102.31901 102.47362 102.61126 102.73229 102.83727 102.92691 103.00197 103.06326 103.11164
120.21306 118.5567 117.04798 115.65384 114.34228 113.07619 111.80972 110.48956 109.04931 107.36813 105.18348 102.01276 97.348665 92.115268 90.575714 93.979267 97.717903 99.623526 99.867255 98.846589 96.716006 93.433327 89.056308 84.516121 82.119678 83.392431 86.920803 90.606738 93.555105 95.698766 97.206269 98.252201 98.96958 99.45336 99.772029 99.977095 100.10911 100.20082 100.27829 100.36102 100.46173 100.58668 100.73658 100.9081 101.09551 101.29223 101.49184 101.68879 101.87868 102.05821 102.22511 102.37796 102.51595 102.63874 102.74635 102.83901 102.91712 102.98117 103.03177 103.06958
