data/geo/ceny_8_cerven_14.asc
NCOLS 600
NROWS 600
XLLCORNER 448997
YLLCORNER 5535900
DX 45.415
DY 31.4
NODATA_VALUE -9999
[rows 338 to 363 of 600, columns 540 to 599 of 600]
106.37152 106.37084 106.36988 106.36864 106.36713 106.36536 106.36334 106.36108 106.35857 106.35584 106.35289 106.34973 106.34636 106.34279 106.33904 106.3351 106.331 106.32672 106.3223 106.31773 106.31302 106.30818 106.30322 106.29815 106.29297 106.2877 106.28235 106.27692 106.27143 106.26587 106.26027 106.25463 106.24896 106.24326 106.23756 106.23185 106.22615 106.22046 106.2148 106.20917 106.20359 106.19805 106.19257 106.18717 106.18184 106.17659 106.17144 106.16639 106.16145 106.15663 106.15194 106.14737 106.14295 106.13868 106.13456 106.1306 106.1268 106.12318 106.11974 106.11649
106.3793 106.37887 106.37815 106.37716 106.37591 106.37439 106.37262 106.37061 106.36835 106.36587 106.36317 106.36026 106.35714 106.35383 106.35032 106.34664 106.34278 106.33876 106.33459 106.33026 106.3258 106.32121 106.3165 106.31168 106.30675 106.30172 106.29661 106.29143 106.28617 106.28086 106.27549 106.27009 106.26465 106.25919 106.25371 106.24823 106.24275 106.23728 106.23184 106.22642 106.22105 106.21572 106.21044 106.20524 106.2001 106.19504 106.19008 106.18521 106.18045 106.1758 106.17126 106.16686 106.16259 106.15847 106.15449 106.15066 106.147 106.14351 106.14018 106.13704
106.387 106.38681 106.38634 106.3856 106.38459 106.38332 106.38179 106.38003 106.37802 106.37579 106.37333 106.37067 106.36779 106.36473 106.36147 106.35803 106.35442 106.35064 106.34671 106.34264 106.33842 106.33407 106.3296 106.32502 106.32033 106.31555 106.31068 106.30573 106.30071 106.29563 106.2905 106.28532 106.28011 106.27488 106.26962 106.26436 106.2591 106.25385 106.24862 106.24341 106.23824 106.23311 106.22804 106.22302 106.21808 106.21321 106.20842 106.20373 106.19914 106.19465 106.19028 106.18604 106.18192 106.17794 106.1741 106.17041 106.16687 106.1635 106.16029 106.15726
106.39462 106.39467 106.39445 106.39395 106.39318 106.39215 106.39087 106.38934 106.38758 106.38559 106.38337 106.38095 106.37832 106.37549 106.37248 106.36928 106.36591 106.36238 106.35869 106.35485 106.35087 106.34676 106.34253 106.33818 106.33373 106.32918 106.32455 106.31983 106.31504 106.31019 106.30529 106.30034 106.29535 106.29033 106.2853 106.28025 106.27521 106.27017 106.26514 106.26014 106.25517 106.25024 106.24536 106.24053 106.23577 106.23108 106.22648 106.22196 106.21753 106.21321 106.209 106.2049 106.20093 106.1971 106.19339 106.18983 106.18643 106.18317 106.18008 106.17715
106.40216 106.40246 106.40247 106.40221 106.40168 106.40088 106.39984 106.39855 106.39703 106.39527 106.3933 106.39111 106.38872 106.38613 106.38335 106.38039 106.37726 106.37396 106.3705 106.3669 106.36316 106.35928 106.35529 106.35117 106.34695 106.34263 106.33823 106.33374 106.32917 106.32455 106.31986 106.31513 106.31037 106.30557 106.30075 106.29591 106.29108 106.28624 106.28142 106.27662 106.27184 106.26711 106.26241 106.25777 106.25319 106.24868 106.24425 106.2399 106.23564 106.23148 106.22742 106.22348 106.21965 106.21595 106.21238 106.20895 106.20567 106.20253 106.19955 106.19673
106.40964 106.41017 106.41041 106.41038 106.41009 106.40953 106.40872 106.40766 106.40637 106.40485 106.40311 106.40116 106.399 106.39664 106.39409 106.39136 106.38846 106.3854 106.38217 106.3788 106.37529 106.37164 106.36787 106.36399 106.35999 106.3559 106.35172 106.34745 106.34311 106.3387 106.33424 106.32972 106.32517 106.32058 106.31597 106.31134 106.30671 106.30208 106.29745 106.29285 106.28827 106.28372 106.27921 106.27475 106.27035 106.26601 106.26175 106.25756 106.25347 106.24946 106.24556 106.24176 106.23807 106.23451 106.23107 106.22777 106.2246 106.22158 106.21871 106.21599
106.41705 106.4178 106.41828 106.41848 106.41841 106.41808 106.4175 106.41668 106.41562 106.41432 106.41281 106.41109 106.40916 106.40703 106.40471 106.40221 106.39954 106.3967 106.3937 106.39055 106.38727 106.38385 106.3803 106.37664 106.37286 106.36899 106.36503 106.36098 106.35685 106.35266 106.34841 106.34411 106.33976 106.33538 106.33098 106.32655 106.32212 106.31768 106.31325 106.30884 106.30444 106.30008 106.29576 106.29148 106.28725 106.28308 106.27898 106.27496 106.27102 106.26717 106.26341 106.25976 106.25621 106.25278 106.24947 106.24629 106.24325 106.24034 106.23757 106.23496
106.42439 106.42537 106.42607 106.4265 106.42666 106.42655 106.4262 106.4256 106.42476 106.4237 106.42241 106.42091 106.4192 106.4173 106.4152 106.41293 106.41048 106.40786 106.40508 106.40216 106.39909 106.39589 106.39257 106.38912 106.38557 106.38191 106.37816 106.37433 106.37041 106.36643 106.36239 106.35829 106.35415 106.34998 106.34577 106.34154 106.33731 106.33306 106.32882 106.32459 106.32039 106.3162 106.31206 106.30795 106.30389 106.29989 106.29596 106.29209 106.2883 106.2846 106.28099 106.27748 106.27407 106.27077 106.26759 106.26453 106.2616 106.2588 106.25614 106.25363
106.43166 106.43287 106.43379 106.43444 106.43482 106.43494 106.43481 106.43443 106.43381 106.43297 106.4319 106.43062 106.42913 106.42745 106.42557 106.42352 106.42129 106.41889 106.41633 106.41362 106.41077 106.40779 106.40468 106.40145 106.3981 106.39466 106.39112 106.38749 106.38379 106.38001 106.37618 106.37228 106.36834 106.36436 106.36035 106.35632 106.35228 106.34822 106.34417 106.34012 106.33609 106.33209 106.32811 106.32418 106.32029 106.31645 106.31267 106.30896 106.30533 106.30177 106.2983 106.29493 106.29165 106.28849 106.28543 106.28249 106.27967 106.27698 106.27443 106.27201
106.43887 106.4403 106.44144 106.44231 106.44291 106.44325 106.44333 106.44317 106.44277 106.44214 106.44129 106.44023 106.43896 106.43749 106.43583 106.43399 106.43197 106.42979 106.42744 106.42495 106.42231 106.41954 106.41664 106.41362 106.41048 106.40725 106.40391 106.40049 106.39699 106.39341 106.38978 106.38608 106.38234 106.37855 106.37474 106.3709 106.36704 106.36317 106.3593 106.35543 106.35158 106.34774 106.34394 106.34017 106.33644 106.33277 106.32915 106.32559 106.3221 106.31869 106.31536 106.31212 106.30897 106.30593 106.30299 106.30017 106.29747 106.29488 106.29243 106.29011
106.44603 106.44767 106.44903 106.45011 106.45092 106.45147 106.45177 106.45182 106.45164 106.45122 106.45059 106.44973 106.44868 106.44742 106.44597 106.44434 106.44254 106.44056 106.43843 106.43614 106.43371 106.43114 106.42845 106.42563 106.4227 106.41967 106.41654 106.41332 106.41002 106.40664 106.4032 106.3997 106.39614 106.39255 106.38892 106.38527 106.38159 106.3779 106.37421 106.37052 106.36684 106.36318 106.35954 106.35593 106.35236 106.34884 106.34537 106.34196 106.33862 106.33535 106.33216 106.32905 106.32603 106.32311 106.3203 106.31759 106.31499 106.31252 106.31016 106.30794
106.45313 106.45498 106.45655 106.45784 106.45887 106.45963 106.46013 106.4604 106.46042 106.46021 106.45979 106.45914 106.45829 106.45724 106.456 106.45458 106.45298 106.45121 106.44928 106.4472 106.44498 106.44261 106.44012 106.4375 106.43477 106.43194 106.42901 106.42598 106.42287 106.41969 106.41644 106.41313 106.40977 106.40636 106.40291 106.39944 106.39594 106.39243 106.38891 106.38539 106.38188 106.37839 106.37491 106.37146 106.36805 106.36469 106.36137 106.3581 106.3549 106.35177 106.34871 106.34573 106.34284 106.34004 106.33734 106.33475 106.33226 106.32988 106.32763 106.3255
106.46017 106.46223 106.46401 106.46551 106.46674 106.46771 106.46842 106.46889 106.46912 106.46912 106.46889 106.46845 106.46781 106.46696 106.46593 106.46471 106.46331 106.46174 106.46001 106.45813 106.45611 106.45394 106.45165 106.44923 106.4467 106.44406 106.44132 106.43848 106.43557 106.43257 106.42951 106.42639 106.42321 106.41998 106.41672 106.41342 106.4101 106.40676 106.40341 106.40006 106.39672 106.39338 106.39007 106.38678 106.38352 106.3803 106.37713 106.37401 106.37094 106.36795 106.36502 106.36217 106.3594 106.35672 106.35413 106.35165 106.34927 106.34699 106.34483 106.34279
106.46716 106.46943 106.47141 106.47311 106.47455 106.47572 106.47663 106.4773 106.47773 106.47793 106.47791 106.47767 106.47723 106.47658 106.47575 106.47472 106.47352 106.47216 106.47063 106.46894 106.46711 106.46514 106.46304 106.46082 106.45847 106.45602 106.45347 106.45083 106.4481 106.44529 106.44241 106.43947 106.43647 106.43343 106.43034 106.42721 106.42407 106.4209 106.41772 106.41453 106.41135 106.40817 106.40501 106.40187 106.39877 106.39569 106.39266 106.38968 106.38676 106.38389 106.38109 106.37837 106.37572 106.37316 106.37068 106.3683 106.36602 106.36385 106.36179 106.35984
106.47411 106.47657 106.47875 106.48066 106.48229 106.48366 106.48477 106.48564 106.48627 106.48667 106.48684 106.4868 106.48655 106.4861 106.48546 106.48464 106.48363 106.48246 106.48112 106.47963 106.47799 106.47621 106.4743 106.47226 106.47011 106.46785 106.46548 106.46302 106.46048 106.45785 106.45515 106.45239 106.44957 106.44669 106.44378 106.44083 106.43785 106.43484 106.43183 106.4288 106.42578 106.42276 106.41975 106.41676 106.4138 106.41087 106.40798 106.40514 106.40234 106.39961 106.39693 106.39433 106.3918 106.38935 106.38699 106.38472 106.38254 106.38046 106.37849 106.37663
106.481 106.48367 106.48604 106.48814 106.48997 106.49153 106.49284 106.49391 106.49473 106.49532 106.49569 106.49584 106.49579 106.49553 106.49508 106.49445 106.49363 106.49265 106.4915 106.4902 106.48875 106.48715 106.48543 106.48358 106.48161 106.47953 106.47735 106.47507 106.4727 106.47025 106.46773 106.46514 106.46249 106.45979 106.45704 106.45426 106.45144 106.4486 106.44575 106.44288 106.44001 106.43714 106.43428 106.43144 106.42863 106.42584 106.42308 106.42037 106.41771 106.4151 106.41255 106.41007 106.40765 106.40532 106.40306 106.40089 106.39882 106.39683 106.39495 106.39318
106.48785 106.49071 106.49328 106.49557 106.49759 106.49935 106.50085 106.5021 106.50312 106.5039 106.50446 106.5048 106.50493 106.50487 106.5046 106.50416 106.50353 106.50273 106.50177 106.50065 106.49938 106.49798 106.49643 106.49476 106.49298 106.49108 106.48907 106.48697 106.48478 106.4825 106.48015 106.47773 106.47525 106.47272 106.47014 106.46752 106.46486 106.46218 106.45948 106.45677 106.45405 106.45133 106.44862 106.44592 106.44325 106.4406 106.43798 106.4354 106.43286 106.43038 106.42795 106.42558 106.42328 106.42106 106.41891 106.41684 106.41486 106.41297 106.41118 106.40949
106.49466 106.49771 106.50047 106.50295 106.50516 106.5071 106.50879 106.51023 106.51143 106.5124 106.51315 106.51368 106.51399 106.51411 106.51403 106.51377 106.51332 106.51271 106.51193 106.51099 106.50991 106.50868 106.50731 106.50582 106.50421 106.50249 106.50066 106.49873 106.49671 106.4946 106.49242 106.49017 106.48786 106.48549 106.48307 106.48061 106.47811 106.47559 106.47304 106.47048 106.46791 106.46533 106.46277 106.46021 106.45767 106.45515 106.45267 106.45022 106.44781 106.44544 106.44313 106.44088 106.43869 106.43657 106.43453 106.43256 106.43068 106.42888 106.42718 106.42557
106.50143 106.50466 106.50761 106.51027 106.51267 106.5148 106.51667 106.5183 106.51968 106.52083 106.52176 106.52247 106.52297 106.52327 106.52337 106.52329 106.52302 106.52259 106.52199 106.52123 106.52032 106.51926 106.51808 106.51676 106.51532 106.51377 106.51211 106.51035 106.5085 106.50656 106.50455 106.50246 106.50031 106.4981 106.49584 106.49353 106.49119 106.48882 106.48642 106.48401 106.48158 106.47915 106.47672 106.47431 106.4719 106.46952 106.46716 106.46483 106.46255 106.4603 106.45811 106.45597 106.45389 106.45187 106.44993 106.44806 106.44627 106.44457 106.44295 106.44143
106.50816 106.51157 106.5147 106.51755 106.52012 106.52244 106.52449 106.5263 106.52786 106.52919 106.5303 106.53119 106.53187 106.53234 106.53262 106.53272 106.53263 106.53237 106.53194 106.53135 106.53062 106.52974 106.52872 106.52758 106.52631 106.52492 106.52343 106.52184 106.52015 106.51838 106.51652 106.5146 106.5126 106.51055 106.50844 106.50629 106.5041 106.50188 106.49963 106.49736 106.49508 106.49279 106.4905 106.48821 106.48594 106.48369 106.48145 106.47925 106.47708 106.47496 106.47288 106.47085 106.46888 106.46696 106.46512 106.46335 106.46165 106.46003 106.4585 106.45706
106.51485 106.51844 106.52175 106.52478 106.52753 106.53002 106.53225 106.53424 106.53598 106.53749 106.53877 106.53983 106.54069 106.54134 106.54179 106.54205 106.54214 106.54205 106.54179 106.54138 106.54081 106.5401 106.53925 106.53827 106.53717 106.53595 106.53462 106.53319 106.53167 106.53005 106.52836 106.52659 106.52475 106.52285 106.5209 106.5189 106.51685 106.51478 106.51267 106.51054 106.5084 106.50625 106.50409 106.50194 106.4998 106.49767 106.49556 106.49348 106.49143 106.48942 106.48745 106.48553 106.48366 106.48185 106.4801 106.47842 106.47682 106.47529 106.47384 106.47248
106.52151 106.52528 106.52876 106.53196 106.53489 106.53756 106.53996 106.54212 106.54403 106.54571 106.54717 106.5484 106.54943 106.55025 106.55087 106.55131 106.55156 106.55164 106.55155 106.55131 106.55091 106.55036 106.54968 106.54886 106.54792 106.54686 106.54569 106.54442 106.54306 106.5416 106.54006 106.53844 106.53676 106.53501 106.5332 106.53135 106.52945 106.52752 106.52555 106.52356 106.52156 106.51954 106.51751 106.51549 106.51347 106.51147 106.50948 106.50752 106.50558 106.50368 106.50182 106.50001 106.49824 106.49653 106.49488 106.49329 106.49178 106.49033 106.48897 106.48768
106.52813 106.53208 106.53573 106.53911 106.54221 106.54504 106.54762 106.54995 106.55203 106.55388 106.5555 106.55691 106.5581 106.55909 106.55988 106.56048 106.5609 106.56114 106.56122 106.56113 106.5609 106.56051 106.55999 106.55933 106.55855 106.55765 106.55664 106.55553 106.55432 106.55301 106.55162 106.55016 106.54862 106.54702 106.54536 106.54365 106.54189 106.5401 106.53827 106.53642 106.53455 106.53266 106.53076 106.52887 106.52697 106.52509 106.52322 106.52137 106.51955 106.51776 106.51601 106.5143 106.51263 106.51102 106.50946 106.50797 106.50654 106.50517 106.50389 106.50268
106.53473 106.53884 106.54267 106.54621 106.54948 106.55248 106.55522 106.55772 106.55997 106.56198 106.56377 106.56534 106.5667 106.56785 106.5688 106.56957 106.57015 106.57056 106.57079 106.57087 106.57079 106.57057 106.5702 106.5697 106.56908 106.56833 106.56748 106.56651 106.56545 106.5643 106.56306 106.56174 106.56035 106.55889 106.55737 106.5558 106.55419 106.55253 106.55084 106.54912 106.54737 106.54562 106.54385 106.54207 106.5403 106.53854 106.53678 106.53505 106.53334 106.53166 106.53001 106.5284 106.52683 106.52531 106.52385 106.52244 106.5211 106.51982 106.51861 106.51748
106.5413 106.54558 106.54957 106.55328 106.55671 106.55987 106.56278 106.56544 106.56785 106.57003 106.57198 106.57371 106.57523 106.57654 106.57766 106.57858 106.57932 106.57988 106.58028 106.58051 106.58059 106.58052 106.58031 106.57996 106.57949 106.5789 106.57819 106.57738 106.57647 106.57546 106.57436 106.57319 106.57194 106.57062 106.56925 106.56782 106.56633 106.56481 106.56325 106.56166 106.56005 106.55841 106.55677 106.55512 106.55346 106.55181 106.55018 106.54855 106.54695 106.54537 106.54383 106.54231 106.54085 106.53942 106.53805 106.53673 106.53547 106.53427 106.53314 106.53208
106.54784 106.55228 106.55644 106.56031 106.5639 106.56723 106.57029 106.57311 106.57568 106.57802 106.58013 106.58202 106.58369 106.58516 106.58643 106.58751 106.58841 106.58913 106.58968 106.59007 106.5903 106.59038 106.59032 106.59012 106.5898 106.58936 106.5888 106.58813 106.58736 106.5865 106.58555 106.58451 106.58341 106.58223 106.58099 106.57969 106.57834 106.57695 106.57552 106.57405 106.57257 106.57106 106.56953 106.568 106.56646 106.56493 106.5634 106.56188 106.56039 106.55891 106.55747 106.55605 106.55468 106.55335 106.55206 106.55083 106.54965 106.54853 106.54747 106.54649
